103954 104139 
13.347122
103954 104139 
13.306208
103954 104139 
13.412477
103954 104139 
13.222585
103954 104139 
13.294369
Número de processos 2
207908 208278 
85.664356
207908 208278 
85.052015
207908 208278 
84.337287
207908 208278 
86.462906
207908 208278 
88.176634
Número de processos 4
207908 208278 
85.403283
207908 208278 
84.394560
207908 208278 
84.620532
207908 208278 
85.493927
207908 208278 
85.292592
Número de processos 2
207908 416556 
191.266779
207908 416556 
193.565753
207908 416556 
190.304790
207908 416556 
192.581260
207908 416556 
193.692181
Número de processos 4
207908 416556 
190.217418
207908 416556 
188.778432
207908 416556 
188.907360
207908 416556 
189.831657
207908 416556 
189.133173
